"GeneName"	"HMAJ_testis"	"HMAJ_liver"	"HMAJ_heart"	"ALA_vno"	"ALA_tailA2"	"ATEN_tailA2"	"ATEN_tailB5"	"ATEN_body"	"ALA_eye"	"BRH_vno"	"ALAjuv_body"	"ALAjuv_tailA2"	"ALAjuv_tailB5"	"NSC_vno"
"1"	"XM_015812840.1"	58.6315	4.03508	5.99194	72.3615	31.9088	41.6988	43.12	60.2984	81.6325	99.5589	395.699	267.657	352.626	70.3228
"2"	"XM_015813856.1"	7.14726	7.0809	8.62403	4.40472	3.56623	2.81347	6.68981	0.826321	4.87596	8.10985	3.08372	0.25764	1.38098	13.0793
"3"	"XM_015818590.1"	0.232432	5.86442	5.88264	0	0	0	0	0	0	0	0	0	0	0
"4"	"XM_015818591.1"	11.4762	7.46006e-06	3.53692e-09	4.25459e-06	7.12779e-07	6.62588e-06	2.04169e-06	2.60944e-06	1.36073e-06	1.5159e-05	1.01586e-06	0	2.90108e-06	2.09781e-06
"5"	"XM_015818592.1"	0.0151397	1.83754e-09	0	19.2497	3.43762	10.6504	7.12881	3.47865	6.71636	28.1022	4.19204	0	2.69988	9.10017
"6"	"XM_015819871.1"	2.09255	0.862359	1.51276	2.27547	1.78992	12.3989	6.0489	10.9289	4.39414	16.8557	3.62988	3.79779	3.68052	2.21169
"7"	"XM_015821179.1"	0.500967	0.444909	1.2168	3.4418	1.88764	8.2855	0.984475	3.10765	6.45455	7.55844	6.8401	3.84824	5.37202	9.64099
"8"	"XM_015822469.1"	5.47827	0.0703337	0.494603	0.949563	0.968913	1.04306	1.13768	1.33872	9.59108	8.45785	6.95137	5.55038	3.82234	13.7816
"9"	"XM_015826457.1"	6.33398	7.17114	15.5814	8.2024	4.68766	12.5544	42.5375	34.1257	8.72715	40.6315	21.411	9.64673	24.0923	78.7005
