"GeneName"	"HMAJ_testis"	"HMAJ_liver"	"HMAJ_heart"	"ALA_vno"	"ALA_tailA2"	"ATEN_tailA2"	"ATEN_tailB5"	"ATEN_body"	"ALA_eye"	"BRH_vno"	"ALAjuv_body"	"ALAjuv_tailA2"	"ALAjuv_tailB5"	"NSC_vno"
"1"	"XM_015815287.1"	0.236011	0	0	18.1576	0.0889516	0	0	0	497.776	0	0	0	0	0
"2"	"XM_015816562.1"	0	2.08829	0.388265	0.14047	23.1678	19.2415	9.54096	9.91169	742.719	4.93521	12.8291	0	5.63622	0
"3"	"XM_015821297.1"	1.73114	2.88153	2.9997	0	0	0	0	0	0	0	0	0	0	2.70463
"4"	"XM_015823138.1"	0.0607981	0	0	0.0645583	0	0	0	0	265.777	0	0	0	0	0
"5"	"XM_015824195.1"	0	14.0135	7.12935	0.286626	0.201988	0	0	0	411.951	0	1.01918	0	0	0
"6"	"XM_015828898.1"	0	0	0	0	0	0	0	0	0	0	0	0	0	0
"7"	"XM_015828904.1"	0	0	0	0	0	0	0	0	0	0	0	0	0	0
"8"	"XM_015828912.1"	0	0	0	0	0	0	0	0	0	0	0	0	0	0
"9"	"XM_015828919.1"	0	0	0	0	0	0	0	0	0	26.2277	0	0	0	0
"10"	"XM_015828928.1"	0	0	0	0	0	0	0	0	0	3.42302	0	0	0	0
"11"	"XM_015829247.1"	0.425139	0.0534987	0	0.0676706	0.0160189	0	0	0	27.0079	0	0.055145	0	0	0
"12"	"XM_015829586.1"	0.816582	0.0622012	1.1689	2.29315	0.559505	2.09486	1.28477	5.97285	891.898	5.84971	1.52414	5.74257	1.46078	0
