"GeneName"	"HMAJ_testis"	"HMAJ_liver"	"HMAJ_heart"	"ALA_vno"	"ALA_tailA2"	"ATEN_tailA2"	"ATEN_tailB5"	"ATEN_body"	"ALA_eye"	"BRH_vno"	"ALAjuv_body"	"ALAjuv_tailA2"	"ALAjuv_tailB5"	"NSC_vno"
"1"	"XM_015810365.1"	0.568187	0	1.43808	0.0865042	0	0.913899	0.133632	0	44.4961	0	0.104012	0	0	5.91929
"2"	"XM_015812351.1"	4.66357	0.097595	0	0.249137	0	0	0	0	23.4413	0	0.593352	0	0	0
"3"	"XM_015813192.1"	51.3896	37.9338	99.1707	1011.66	36.513	41.5041	87.1815	95.4226	78.2091	88.3019	73.9063	60.1448	72.0468	96.5484
"4"	"XM_015813710.1"	1.77193	0.0824372	0	0	0	0	0.565565	0	625.646	9.21456	0.754225	0.252103	0.385976	0
"5"	"XM_015815691.1"	0.0718395	0	0	0.153019	0	1.21743	0.414608	0	7.82595	0	1.19899	0	0.707085	0.63608
"6"	"XM_015816690.1"	2.13815	0	0.100263	0.108669	0	0	0.0835182	0	2.04845	0	0	0	0	2.69005
"7"	"XM_015821339.1"	4.42251	0.615513	0	0	0.370679	2.61097	0	0	700.366	0	1.8291	0	1.41367	3.16538
"8"	"XM_015821340.1"	0	0.820684	0	1.85408	2.78009	4.5692	3.73997	0.490211	1589.51	0	2.4388	7.85814	1.8849	0
"9"	"XM_015821677.1"	0.194701	0	2.69066	0	0.29368	4.21117	0.157285	0	39.8678	0	7.0751	0	0	0
"10"	"XM_015821725.1"	0.605971	0	0	6.5774	0.822062	0	0	0.752154	732.923	17.579	0	0	0	0.806433
"11"	"XM_015822696.1"	0.570418	0	0	0	0	0	0	0	80.2457	0.951478	0	0	0.260249	0
"12"	"XM_015823472.1"	0	0	0	0.127371	0	0	0	0	333.685	0	0	0	0	0
"13"	"XM_015824755.1"	19.7988	0	0	0	0.1809	0	0	0	270.077	0	0	0	0	0
"14"	"XM_015825389.1"	78.304	5.18607	134.379	206.628	6.85227	43.8849	33.4258	25.8242	51.3411	83.7054	17.3227	6.48393	6.27458	55.6655
"15"	"XM_015825841.1"	36.7327	0	0.119829	0	0	0	0	0	257.717	0	0	0	0	0
"16"	"XM_015827944.1"	0	0	0	0	0	0	0	0	0.241918	0	0	0	0	0
"17"	"XM_015828517.1"	0.777416	0	0	3.10326	0	0	0	0	5.70573	1.70642	0.499749	0.837504	0	0
