"GeneName"	"HMAJ_testis"	"HMAJ_liver"	"HMAJ_heart"	"ALA_vno"	"ALA_tailA2"	"ATEN_tailA2"	"ATEN_tailB5"	"ATEN_body"	"ALA_eye"	"BRH_vno"	"ALAjuv_body"	"ALAjuv_tailA2"	"ALAjuv_tailB5"	"NSC_vno"
"1"	"XM_015810483.1"	11.4418	0.546842	0	0	0.492993	1.787	0.663579	3.31312	0	0	2.0606	2.87801	1.58662	0
"2"	"XM_015814749.1"	3.7511	0.16533	0.0971997	2.212	0.372025	2.76085	0	1.82387	1.32419	4.4466	9.20133	0	4.45084	0
"3"	"XM_015814977.1"	0.664795	0	0	0	0.10024	0	0	0	0	0	0	0	0	0
"4"	"XM_015818273.1"	0.188522	0	0	0	14.0753	40.8629	54.271	104.958	0	0	73.7914	56.0476	75.1155	5.72341
"5"	"XM_015818461.1"	0.0760844	0.0637484	0.0748797	0.243166	0	0	0	0	9.47875	0	0	0	0	0
"6"	"XM_015819793.1"	1.97286	0	0	0	0	0	0	0	0.490939	0	0	0	0	0
"7"	"XM_015820330.1"	0.119828	0	3.33863	0.466861	0.0301016	0	0	0	12.8334	1.54159	0	0	0	0
"8"	"XM_015821550.1"	0.166815	0.0349698	0.0410116	30.2699	0.911445	0.83374	0.794909	0.346416	106.812	0	0.700298	0.651229	0.412392	1.11378
"9"	"XM_015822237.1"	2.34206	22.2454	3.30022	4.48488	8.95622	0	8.00895	0	21.7488	0	4.00402	0	0	5.46162
"10"	"XM_015822921.1"	0	0	0	3.34953	0	0	0	0	156.937	0	0	0	0	0
"11"	"XM_015822922.1"	0.722645	0	0	1.2533	0	0	0	0	196.352	0	0	0	0	11.9231
"12"	"XM_015822924.1"	0	0	0	0	0	0	0	0	0	0	0	0	0	0
"13"	"XM_015822925.1"	0	0	0	0	0	0	0	0	0	0	0	0	0	0
"14"	"XM_015822926.1"	0	0	0	4.42034e-05	0	0	0	0	134.78	0	0	0	0	0
"15"	"XM_015822927.1"	0	0	0	12.2416	0	0	0	0	0	40.6178	0	4.50826	0	17.0923
"16"	"XM_015822928.1"	1.64973	0.408607	0.360721	0.652413	0	0	0	0	4.96436	0	0.155114	0	0	0
"17"	"XM_015825214.1"	10.4593	0.14823	0.524718	0.57072	3.34202	0	3.44668	3.58364	626.408	0	7.35512	11.55	11.6772	0
"18"	"XM_015825581.1"	0.49326	0.439572	1.66703	1.27672	2.83438	4.86218	10.1106	16.3612	2.35054	12.1544	9.37885	5.31204	8.00065	7.83708
"19"	"XM_015826935.1"	0	3.05064	0.697134	0.351661	0	0	0	0	2.96493	1.02365	0	0	0	1.78606
"20"	"XM_015828750.1"	12.7452	0	0.291137	0.15811	0	2.84072	0.600996	0	5.08812	0	1.12031	1.86505	0.287327	0.967447
"21"	"XM_015832137.1"	0	0	0	0	0	0	0	0	2.0728	0	0	0	0	0
"22"	"XM_015832138.1"	0	0	0	0	0	0	0	0	140.425	10.5791	0	0.762178	0	14.8309
"23"	"XM_015832548.1"	0.76089	0.0796554	0	0.202928	17.1338	84.4361	145.591	170.388	1.27608	5.41751	143.897	143.358	180.774	4.82214
"24"	"XM_015832549.1"	0	0	0	0	0	0	0	0	0	0	0	0	0	0
