"GeneName"	"HMAJ_testis"	"HMAJ_liver"	"HMAJ_heart"	"ALA_vno"	"ALA_tailA2"	"ATEN_tailA2"	"ATEN_tailB5"	"ATEN_body"	"ALA_eye"	"BRH_vno"	"ALAjuv_body"	"ALAjuv_tailA2"	"ALAjuv_tailB5"	"NSC_vno"
"1"	"XM_015813101.1"	0.272713	0	0	0	0	0	0	0	0	0	0	0	0	0
"2"	"XM_015813111.1"	0.428635	0	0	0	0	0	0	0	0.0400102	0	0	0	0	0
"3"	"XM_015813122.1"	0.239536	0	0	0	0	0	0	0	0	0	1.92669	0.310093	0.472403	0
"4"	"XM_015813133.1"	1.04351	0.929199	2.8877	1.59681	1007.57	2379.29	3461.38	3870.66	1.89841	1.40536	7837.66	7803.52	7978.34	15.8992
"5"	"XM_015813154.1"	1.37463	0	0.0540889	0.350934	4.47552	4.06296	4.27367	5.12454	0	0	38.6042	18.9608	36.7889	0
"6"	"XM_015813165.1"	1.35225	1.24655	2.99382	1.5837	1329.56	694.094	481.369	926.881	0.555039	0.161766	986.582	941.832	1111.68	1.348
"7"	"XM_015813347.1"	0	0	0	0	0.151821	23.3487	1.6244	4.4556	0	0	365.528	64.6515	181.093	0
"8"	"XM_015813348.1"	0	0	0	0	0.428267	0	0	0	0	0	4.6638	0	0	0
"9"	"XM_015813351.1"	7.60811	0	0	0	0.318976	0	0	0	0.31116	0	28.996	4.28092	7.322	0
"10"	"XM_015815763.1"	81.0138	12.5169	29.017	42.3137	9.15312	9.44969	28.3517	24.0375	25.2073	77.1379	18.5353	24.2708	23.0907	39.7343
"11"	"XM_015816766.1"	20.1513	263.703	18.0964	121.774	9.28084	41.458	16.3577	22.0043	61.8406	338.328	2395.34	165.62	644.66	377.593
"12"	"XM_015816767.1"	94.5166	353.128	32.7052	182.961	4.72556	0	1.80722	0.323102	50.5091	303.365	78.4776	5.6518	37.2972	553.274
"13"	"XM_015818717.1"	15.4701	3.80893	0.360763	24.2868	8.95203	7.8648	13.1141	17.8518	1.20344	18.0376	28.2299	23.2598	23.3757	28.8805
"14"	"XM_015820464.1"	11.2744	0.204318	0	24.4498	0.0918612	0.691273	0.55373	0	0.136481	358.371	0.0784129	0	0	84.342
"15"	"XM_015820485.1"	25.4136	0.305083	0.286641	9.84982	0.219531	0	1.02046	0.450813	0.651966	174.128	0.841212	0.563528	3.29641	54.4717
"16"	"XM_015821907.1"	0	0	0.0686163	0.074252	36.5249	50.5602	177.086	154.295	0.0520334	0.166729	186.897	6.30119	19.5693	2.77937
"17"	"XM_015821912.1"	0	0	0	0	0	0	0	0	0	0	0	0	0	0
"18"	"XM_015821914.1"	5.47868	2.39384	70.5829	357.625	4.87583	0.496322	4.43116	3.37763	84.4174	573.446	12.4554	1.05681	4.02406	1474.47
"19"	"XM_015821915.1"	0.000641096	0	0.00123126	0.00265511	0.111874	0.0885495	0.442887	0.488682	0	0	0.505161	0.0166202	0.179022	0
"20"	"XM_015821916.1"	0	0.0697459	0	0	0	26.124	0	0	0	0	0	0	0	0.183915
"21"	"XM_015821917.1"	0.227028	0	0.222733	0.784524	36.6079	20.2652	179.08	103.018	0	0	174.825	2.49066	31.7681	0
"22"	"XM_015821918.1"	14.9179	9.35024	26.1248	645.995	11626.5	6462.18	9105.64	10339.3	5.74606	214.799	7873.53	5238.18	7754.56	226.292
"23"	"XM_015826064.1"	276.279	115.817	159.681	125.604	48.541	13.7138	56.9433	31.6829	68.806	0	39.4078	38.034	25.7113	0
"24"	"XM_015828003.1"	0.397053	0.0831247	0.0977426	2.11849	42.4977	4191.56	397.683	215.577	0.813718	2.11768	22191	15100.6	16166.4	5.68486
"25"	"XM_015828005.1"	4.24087	1.41466	2.42178	287.498	47.563	79.8491	64.4658	58.7602	4.56461	5235.81	101.998	38.291	51.7352	9086.92
"26"	"XM_015830055.1"	0	0	0	0	0.468283	0	0	0	0	0.614054	8.70863	2.09931	11.1807	0
"27"	"XM_015830140.1"	10.8762	0	0	9.10339	67.4328	566.407	273.548	96.6366	1.20627	0.614054	14863.4	4957.51	11135	3.48756
"28"	"XM_015830662.1"	49.8763	37.0003	0	0	0	0	0	0	0	472.558	0	0	0	357.196
"29"	"XM_015830734.1"	0	0	0	0	0	0	0	0	0	0	0	0	0	0
"30"	"XM_015832201.1"	0	0	0.252961	2.73953	1.35582	2.40715	128.373	0.705251	0	2.4463	2.30295	0	0.841304	11.3484
"31"	"XM_015832203.1"	0.0743897	0.0623309	0.073209	10.3805	119.536	3545.19	499.396	266.262	0.887983	29.1307	23165.8	15422.7	20245	1.81049
"32"	"XM_015832204.1"	0.116083	0	0	0	0	0	0	0	0	0	0.295417	0	0	0
"33"	"XM_015832280.1"	4.11916	2.32018	5.98007	30.2677	3261.25	12858.4	14080.8	11581.3	7.15602	408.439	12384.6	18723.6	16947.4	89.9038
"34"	"XM_015832281.1"	22.3492	15.1945	38.7288	64.838	14154.1	19633.5	28296.8	27584.3	10.3837	17.6418	18491.4	22540.2	23224	112.819
"35"	"XM_015832282.1"	0.73034	1.16848	0.326645	112.881	35.8289	155.77	97.4739	64.0686	1.68476	100.43	1209.86	331.501	628.666	95.328
"36"	"XM_015832284.1"	26.1023	15.0223	48.469	787.975	21426.7	19563.1	22095.5	23671.9	8.4957	243.856	17909.1	12017.5	19250.7	166.722
"37"	"XM_015832285.1"	0	0	0	0	0	0	0	0	0	138.749	0	0	0	0
"38"	"XM_015832286.1"	0.669974	0.498994	4.98169	261.869	0.561064	3.36085	4.53974	0	3.49886	4361.25	3.05664	2.87912	1.17184	7761.46
"39"	"XM_015832287.1"	8.96889	0.549897	1.21989	282.585	66.334	934.645	126.827	48.1514	9.956	425.19	84.9831	64.8923	86.54	308.066
"40"	"XM_015832314.1"	27.5721	0.128855	0	0.66008	3.94875	10.5601	12.902	7.81982	5.49594	0	5.05814	9.32282	8.08538	0
"41"	"XM_015832315.1"	0	0	0	0.277876	0.885323	3.32578	4.03988	8.90189	0	84.9968	0	0	0	44.5446
"42"	"XM_015832316.1"	0.116844	0	0	5.7428	0	0	0	0	0	0	1.18924	0	0.456843	3.07884
"43"	"XM_015832317.1"	0	0	0	0	0	0.824023	0	0.752872	0.108883	4.18328	0	0	0	0
"44"	"XM_015832319.1"	0	0.0600766	0	0	0	0	0	0	0.0534948	0	0.184094	0	0	0
"45"	"XM_015832320.1"	0.552449	0	0.544532	139.079	10.9334	169.115	17.0047	6.47105	2.67131	8.09398	8.39936	6.29709	6.99804	16.6189
