"GeneName"	"HMAJ_testis"	"HMAJ_liver"	"HMAJ_heart"	"ALA_vno"	"ALA_tailA2"	"ATEN_tailA2"	"ATEN_tailB5"	"ATEN_body"	"ALA_eye"	"BRH_vno"	"ALAjuv_body"	"ALAjuv_tailA2"	"ALAjuv_tailB5"	"NSC_vno"
"1"	"XM_015817497.1"	7.73251	0.183058	0.0919641	6.39018	0.187976	0	0.12943	0.389322	0.069919	47.3558	0.0807224	0	0	20.8572
"2"	"XM_015817852.1"	0.00540756	0	0.000227755	0.00020937	0	0.00103696	0.000226898	0.000213323	0.000350377	0.0125602	0	0	0.000239845	0
"3"	"XM_015817854.1"	0.0567058	0	0.00182217	0.00204078	0	0.00899887	0.00217544	0.00177591	0.00349987	0.110747	0.788789	0	0.00188515	22.816
"4"	"XM_015817855.1"	0.597557	0	0.0146368	0.0199794	0	0.0784095	0.0209472	0.0148438	0	0.981057	0	0	0.014875	3.01742e-09
"5"	"XM_015817856.1"	6.32381	0	0.118043	0.196463	0	0.685978	0.202568	0.124571	0.353854	8.72115	0	0	0.117835	0
"6"	"XM_015819499.1"	16.8956	6.76234	9.26014	25.0695	9.20048	47.9766	13.2861	20.026	24.8293	11.1338	6.89679	7.41841	6.92506	20.3546
"7"	"XM_015819793.1"	1.97286	0	0	0	0	0	0	0	0.490939	0	0	0	0	0
"8"	"XM_015820234.1"	4.38224	0	0	0.524835	0	0	0	0	0	0	0	0	0	0
"9"	"XM_015822921.1"	0	0	0	3.34953	0	0	0	0	156.937	0	0	0	0	0
"10"	"XM_015822922.1"	0.722645	0	0	1.2533	0	0	0	0	196.352	0	0	0	0	11.9231
"11"	"XM_015822924.1"	0	0	0	0	0	0	0	0	0	0	0	0	0	0
"12"	"XM_015822925.1"	0	0	0	0	0	0	0	0	0	0	0	0	0	0
"13"	"XM_015822926.1"	0	0	0	4.42034e-05	0	0	0	0	134.78	0	0	0	0	0
"14"	"XM_015822927.1"	0	0	0	12.2416	0	0	0	0	0	40.6178	0	4.50826	0	17.0923
"15"	"XM_015822928.1"	1.64973	0.408607	0.360721	0.652413	0	0	0	0	4.96436	0	0.155114	0	0	0
"16"	"XM_015827002.1"	0	0	0	1.10325	0	0	0	0.579619	0.0700858	17.4111	0.120171	0.241091	0	33.1681
"17"	"XM_015832527.1"	13.5874	6.34694	11.0646	7.71601	4.88466	29.2818	14.7359	38.2413	17.4683	8.53712	19.8519	16.8694	17.7544	20.7076
