"Length"	"HMAJ_testis"	"HMAJ_liver"	"HMAJ_heart"	"ALA_vno"	"ALA_tailA2"	"ATEN_tailA2"	"ATEN_tailB5"	"ATEN_body"	"ALA_eye"	"BRH_vno"	"ALAjuv_body"	"ALAjuv_tailA2"	"ALAjuv_tailB5"	"NSC_vno"	"geneName"
"1"	1319	0.421298	0.413813	0	0	0	0	0	0	7.98287	0	0	0	0	0	"ARR3   X1  "
"2"	1334	5.70699e-08	9.53427e-08	0	0	0	0	0	0	1.06844e-06	0	0	0	0	0	"ARR3   X2  "
"3"	1305	100.637	103.459	235.109	1343.91	44.7244	96.9092	190.715	279.073	93.7204	94.8825	191.296	180.523	200.24	191.822	"ARRB2  "
"4"	1828	327.939	156.533	568.888	3061.25	377.322	871.421	1005.22	950.41	2436.7	976.292	1321.73	534.871	1025.71	3420.61	"CALM1   X1  "
"5"	1797	0	0	0	0	0	645.46	0	0.0256469	0	0.0540075	0	1.45538e-06	0	0	"CALM1   X2  "
"6"	2203	0	0	0	1.51843	0	0	0	0	5.46166	0	0	0	0	0	"CNGA1  "
"7"	2340	0	0	0	0	0	0	0	0	10.0277	0	0	0	0	0	"CNGA3  "
"8"	889	1.33669	0.656975	2.97829	629.196	19.1902	0	0.562903	0	261.555	0	11.2322	0	10.8355	42.2554	"CRABP1  "
"9"	1140	0	0	0	0	0	0	0	0	0	0	0	0	0	0	"GNAT1  "
"10"	2255	0.466909	0	0	1.97425	0	0	0	0	413.505	20.6373	0	0	0	0	"GNAT2  "
"11"	1686	0	0	0	0	0	0	0	0	0	0	0	0	0	0	"GRK1  "
"12"	2014	0	0	0	0	0.368409	0	0	0	58.1392	0	0.451494	0	0	0	"GRK7  "
"13"	600	5.51504	0	0	0	0	11.2616	0	0	1748.74	0	0	0	0	2.97848	"GUCA1A  "
"14"	659	0	0	0	0	0	0	0	0	0	0	0	0	0	0	"GUCA1B  "
"15"	5240	0.0963922	0	0	0	0	0	0	0	18.6518	0	0	0	0	0	"GUCY2D  "
"16"	1137	0	0	0	0	0	0	0	0	0.472485	0	0	0	0	0	"OPN1SW  "
"17"	1729	2.80356	0	0.346928	0.329662	0	0	0	0	6.5061	0	0	0	0	9.56064	"OPN3  "
"18"	1801	0	0	0	0	0	0	0	0	0	0	0	0	0	0	"OPN4  "
"19"	2748	0	0	0	0	0	0	0	0	0	0	0	0	0	0	"OPN5  "
"20"	1220	0	0	0	0	0	0	0	0	0	0	0	0	0	0	"PDC   X1  "
"21"	1164	0	0	0	0	0	0	0	0	0	0	0	0	0	0	"PDC   X2  "
"22"	1620	0	0.32866	0	0	0.233879	0	0	0	0	0	0	0	0	0	"PDCL  "
"23"	1037	0.55611	0	0	0	0	0	0	0	0	0	0	0	0	0	"PDCL2  "
"24"	1496	4.02226	6.82294	23.621	8.13282	51.625	102.109	57.655	96.8771	35.7196	4.37401	34.2689	56.9469	17.9783	54.9682	"PDCL3  "
"25"	2743	1.32595	4.83398	0	0	0	0	0	0	17.8439	0	0	0	0	0	"PDE6B  "
"26"	2604	0	0	0	0	0	0	0	0	0	0	0	0	0	0	"PDE6C   X1  "
"27"	2541	0.205463	0	0	0	0	0	0	0	0.195446	0	0	0	0	0	"PDE6C   X2  "
"28"	879	0.677585	0	0.754872	0	0	0	0	0	0.638858	106.138	0	0	0	0	"PDE6D  "
"29"	589	0	0	0	0	0	0	0	0	0	0	0	0	0	0	"PDE6G   X1  "
"30"	522	2.67531	9.22344	8.94629	40.2293	11.2912	0	1.09808	0	1417.83	0	21.8245	0	18.1578	0	"PDE6G   X2  "
"31"	528	0	3.4074e-08	3.10999e-08	1.03311e-07	1.7063e-08	0	0	0	3.07332e-06	0	1.0664e-07	0	9.34159e-08	0	"PDE6G   X3  "
"32"	402	0	0	0	0	0	0	0	0	0	0	0	0	0	0	"PDE6H  "
"33"	1497	0	0	0	0	0	0	0	0	3.46535	0	0	0	0	0	"RCVRN  "
"34"	3607	0	0	0.158125	0	0	0	0	0	11.7658	0	0	0	0	0.399047	"RGS9  "
"35"	3948	0	0	0	0	0	0	0	0	0	0	0	0	0	0	"RGS9BP  "
"36"	1877	0	0	0	0	0	0	0	0	223.383	0	0	0	0	0	"RHO  "
"37"	3725	0	0	0	0	0	0	0	0	13.078	0	0	0	0	0	"RRH  "
"38"	2483	0	0	0	0	0	0	0	0	0	0	0	0	0	0	"SAG  "
