"HMAJ_testis"	"HMAJ_liver"	"HMAJ_heart"	"ALA_vno"	"ALA_tailA2"	"ATEN_tailA2"	"ATEN_tailB5"	"ATEN_body"	"ALA_eye"	"BRH_vno"	"ALAjuv_body"	"ALAjuv_tailA2"	"ALAjuv_tailB5"	"NSC_vno"	"geneName"
"1"	10.354	0.0148	0	0.0213426	0.0215587	0	0	0	49.3824	0	0.0626724	0	0	1.48215	"ABCA4  "
"2"	0	1.01091	0.179227	0	8.23898	12.6184	2.87674	5.43959	328.26	2.67278	6.35573	0	1.9291	0	"LRAT  "
"3"	1.23973	1.79655	2.75673	1.50891	1.06461	8.47934	9.33086	12.0518	4.24702	0	25.7675	18.4498	28.2254	3.14556	"RARA   X1  "
"4"	0	0	0	0	0	0	0	0	0	0	0	0	0	0	"RARA   X2  "
"5"	0	1.14145e-06	1.01682	1.21813	0	6.20046	5.66173e-10	0	10.1982	3.98973	0	8.6322e-09	0.00100772	0	"RARA   X3  "
"6"	2.46584	3.26204	4.07101	0	0	0	0	0	0	0	0	0	0	3.94554	"RBP1  "
"7"	0	0	0	0	0	0	0	0	148.036	0	0	0	0	0	"RBP3  "
"8"	12.7132	2.39903	7.72513	52.4493	3.21198	0.00725231	4.46483	0.00318106	35.1312	0	0.0020341	0.00420154	0.00284626	9.98417	"RDH14   X1  "
"9"	0	0	0	0	0	5.71907	0	5.79609	0.817244	0	4.23289	3.34179	5.96859	0	"RDH14   X2  "
"10"	0	5.57548	2.86492	0	0.0700397	0	0	0	337.332	0	1.2004	0	0	0.654161	"RDH5  "
"11"	15.6714	0.512889	0	0.5591	0.654049	0	0.296071	0	259.015	0	0.530149	1.49145	1.16227	7.80757	"RDH8  "
"12"	0.185717	0	0	23.2488	0.0896904	0	0	0	474.271	0	0	0	0	0	"RLBP1  "
"13"	1.22281	0.202682	2.01246	1.17341	0.196874	2.69422	1.89156	4.06797	868.244	7.13554	1.41456	2.93116	2.06133	0	"RPE65  "
