"Length"	"HMAJ_testis"	"HMAJ_liver"	"HMAJ_heart"	"ALA_vno"	"ALA_tailA2"	"ATEN_tailA2"	"ATEN_tailB5"	"ATEN_body"	"ALA_eye"	"BRH_vno"	"ALAjuv_body"	"ALAjuv_tailA2"	"ALAjuv_tailB5"	"NSC_vno"	"geneName"
"1"	2043	23.3908	15.1326	44.5228	412.166	10.4351	33.2405	50.5665	63.4841	30.4053	20.5613	51.1131	46.9116	44.9557	30.2821	"ARRB2  "
"2"	1908	1.3999	0	0.0822735	4.02764	0	0	0	0	7.55745	1.84346	0.36513	1.14717	0.354547	0	"CNGA1  "
"3"	1053	12.5088	0	0.322464	0	0.165512	0	0	0	342.007	0	0	0	0	0	"GNAT1  "
"4"	1737	0.969869	0	0	8.1884	0.562145	0	0	1.10699	950.759	32.2919	0	0	0	1.32037	"GNAT2  "
"5"	2018	0	0	0	0	0.159031	0	0	0	40.4164	5.20834	0.687518	0	0	0	"GRK7  "
"6"	600	5.22135	0.46109	0	0	0.168064	3.46931	0	0	764.602	0	2.33333	0	0	4.59414	"GUCA1A  "
"7"	597	0	0.232127	0	1.01945	1.35373	6.10964	2.89683	0.644077	1022.73	0	3.75774	10.4962	2.75967	0	"GUCA1B  "
"8"	3219	0.0499848	0	0	0	0	0	0	0	21.3892	0	0	0	0	0	"GUCY2D  "
"9"	1077	15.0178	0	0	0	0	0	0	0	78.4174	0	0	0	0	0	"OPN1SW  "
"10"	1206	2.04774	0	0	0.140618	0	0	0.112539	0	2.37166	0	0	0	0	3.95816	"OPN3  "
"11"	1599	0.106294	0	0	0.204038	0	1.96512	0.657362	0	7.45094	0	0.88477	0	1.71932	0.9636	"OPN4 "
"12"	1082	6.63835	0.11	0	0.31936	0	0	0	0	29.4616	0	0.913088	0	0	0	"OPN5  "
"13"	756	0	0.17019	0	0	0.12404	0	0	0	319.285	0	0	0	0	0	"PDC  "
"14"	1512	18.6679	21.0772	37.0303	70.8198	11.9674	0	16.6917	4.93906	24.2884	0	23.834	7.0852	21.9437	0	"PDCL  "
"15"	687	1600.35	0.384963	2.46277	1.96707	0.140299	0	0	0	0	0	0	0	0	0	"PDCL2  partial "
"16"	1418	7.90395	10.8828	43.1188	25.3419	69.8313	135.013	73.6581	97.975	66.7255	82.2622	40.2293	55.7527	38.5344	63.5391	"PDCL3  "
"17"	2514	1.88387	4.95379	0.0610746	0	0	0	0	0	39.0152	0	0	0	0	0	"PDE6B  "
"18"	2864	0	0	0	0	0	0	0	0	4.79708e-09	0	0	0	0	0	"PDE6C   X1  "
"19"	2792	0	0	0	0	0	0	0	0	40.8236	0	0	0	0	0	"PDE6C   X2  "
"20"	2621	0.248542	0	0	0	0	0	0	0	0	0	0	0	0	0	"PDE6C   X3  "
"21"	1070	61.7109	3.90077	105.212	171.673	6.33428	16.1829	16.1304	20.9048	100.321	0	12.7167	16.9323	11.1426	88.4907	"PDE6D  "
"22"	796	0.962764	0.797414	1.13297	5.57532	2.90577	0	0.183151	0	398.205	0	7.20645	1.83901	3.35631	6.97426	"PDE6G  "
"23"	279	3.70591	0	0	0	0	0	0	0	2916.59	0	4.4896	0	0	0	"PDE6H  "
"24"	582	0	0	0	0	0	0	0	0	3594.68	0	0	0	0	0	"RCVRN  "
"25"	1536	0.666985	0	1.2546	0.106715	0	1.17295	0.171771	0	47.1575	0	0.15411	0	0	5.79104	"RGS9  "
"26"	563	0	0	1.4328	0	0.183501	0	0	0	45.3518	0	5.58053	0	0	0	"RGS9BP  "
"27"	1059	0	0	0	0.163799	0	0	0	0	454.44	0	0	0	0	0	"RHO  "
"28"	3882	0.410788	0.87177	1.31288	0.15728	0.138901	1.21307	0.160013	0.315021	21.8341	0	0.460233	0	0.0836637	0.0938634	"RRH  "
"29"	2170	0.0760838	0.100899	0	0	0	0	0.236109	0	347.862	1.87463	0.42405	0	0	0	"SAG  "
