"Length"	"HMAJ_testis"	"HMAJ_liver"	"HMAJ_heart"	"ALA_vno"	"ALA_tailA2"	"ATEN_tailA2"	"ATEN_tailB5"	"ATEN_body"	"ALA_eye"	"BRH_vno"	"ALAjuv_body"	"ALAjuv_tailA2"	"ALAjuv_tailB5"	"NSC_vno"	"geneName"
"1"	1835	0	0	0	0	0	0	0	0	3.90972	0	0	0	0	0	"ARR3  "
"2"	1607	0	0	0	0	0	0	0	0	0	0	0	0	0	0	"ARRB2  "
"3"	1638	1183.8	494.025	1302.37	7965.56	886.537	3776.98	1930.44	1904.31	6057.12	1924.97	2868.27	1265.58	2121.08	6891.61	"CALM1  "
"4"	6437	0	0	0	0.729154	0.123764	0	0	0	0.52333	0	0	0	0	0	"CNGA1  "
"5"	2866	0	0	0	0	0	0	0	0	0	0	0	0	0	0	"CNGA3  "
"6"	805	0	0	0	5.35642	0	0	0	0	0	0	0	0	0	0	"CRABP1  "
"7"	1764	0	0	0	0	0	0	0	0	0	0	0	0	0	0	"GNAT1   X1  "
"8"	1707	0	0	0	0	0	5.27151	0	0	1.41056	0	4.54646	0	0	0	"GNAT1   X2  "
"9"	4148	0	0	0	0	0	0	0	0	0	0	0	0	0	0	"GNAT2   X1  "
"10"	4082	0	0	0	0	0	0	0	0	0.278993	0	0	0	0	0	"GNAT2   X2  "
"11"	4390	0	0	0.280075	0	0.367269	0	0	0	23.8017	0	0.420174	0	0	0	"GRK7  "
"12"	6548	0	0	0	0	0	0	0	0	0	0	0	0	0	0	"GUCA1A  "
"13"	3476	0	0	0	0	0	0	0	0	0	0	0	0	0	0	"GUCA1B  "
"14"	4666	0.113434	0	0	0	0	0	0	0	16.9308	0	0	0	0	0	"GUCY2D   X1  "
"15"	4776	0	0	0	0	0	0	0	0	0	0	0	0	0	0	"GUCY2D   X2  "
"16"	4663	0.252973	0	0	0	0	0	0	0	38.7174	0	0	0	0	0	"GUCY2D   X3  "
"17"	875	0	0	0	0	0	0	0	0	0	0	0	0	0	0	"LOC102572840  partial "
"18"	1918	1.87513	0	0	0	0	0	0	0	2.48394	0	0	0	0	6.05135	"OPN3  "
"19"	870	0	0	0	0	0	0	0	0	0	0	0	0	0	0	"OPN4  "
"20"	1090	0	0	0	0	0	0	0	0	0	0	0	0	0	0	"OPN5  "
"21"	1091	0	0	0	0	0	0	0	0	0	0	0	0	0	0	"PDC  "
"22"	1212	0	0	0	0	0	0	0	0	0	0	0	0	0	0	"PDCL  "
"23"	890	2.24806	0	0	0	0	0	0	0	0	0	0	0	0	0	"PDCL2  "
"24"	2712	11.6328	22.6269	46.8545	25.1459	85.8143	260.343	94.5716	123.199	72.8169	0	65.1992	109.183	74.7731	87.9606	"PDCL3  "
"25"	5823	2.33168	10.7028	0	0	0	0	0	0	29.7732	0	0	0	0	0	"PDE6B  "
"26"	3000	0	0	0	0	0	0	0	0	51.5914	0	0	0	0	0	"PDE6C  "
"27"	1148	253.176	22.7547	290.368	0	0	0	0	0	0	0	0	0	0	0	"PDE6D  "
"28"	678	0	0	0	0	0	0	0	0	0	0	0	0	0	0	"PDE6G   X1  "
"29"	649	0	0	0	0	0	0	0	0	0	0	0	0	0	0	"PDE6G   X2  "
"30"	1841	0	0	0	0	0	0	0	0	0	0	0	0	0	0	"PDE6H   X1  "
"31"	1783	0	0	0	0	0	0	0	0	0	0	0	0	0	0	"PDE6H   X2  "
"32"	2622	0	0	0	0	0	0	0	0	0	0	0	0	0	0	"PDE6H   X3  "
"33"	2356	0	0	0	0	0	0	0	0	0	0	0	0	0	0	"PDE6H   X4  "
"34"	3735	21.6043	13.8291	19.1381	30.8472	3.11684	27.1453	5.82186	16.3479	38.3689	32.6997	14.5505	16.9538	14.3312	41.9728	"RCVRN  "
"35"	3286	0	0	0	0	0	0	0	0	0	0	0	0	0	0	"RGS9   X1  "
"36"	3277	0	0	0	0	0	0	0	0	0	0	0	0	0	0	"RGS9   X2  "
"37"	4741	1.44099	0	0.258636	0.249871	0	0	0	0	16.9635	0	0	0	0	5.27496	"RGS9   X3  "
"38"	1389	0	0	0	0	0	0	0	0	0	0	0	0	0	0	"RGS9   X4  "
"39"	2533	144.892	87.125	67.2657	260.86	49.2222	267.204	139.773	261.876	15.9454	574.245	158.909	263.899	167.575	176.909	"RGS9BP  "
"40"	1406	0	0	0	0	0	0	0	0	0	0	0	0	0	0	"RHO  "
"41"	2193	0	0	0	0	0	0	0	0	0	0	0	0	0	0	"RRH   X1  "
"42"	2097	0	0	0	0	0	0	0	0	0	0	0.910856	0	1.22787	0	"RRH   X2  "
"43"	3867	0	0	0	0	0	0	0	0	0	0	0	0	0	0	"SAG   X1  "
"44"	3887	0	0	0	0	0	0	0	0	0	0	0	0	0	0	"SAG   X2  "
"45"	3856	0	0	0	0	0	0	0	0	0	0	0	0	0	0	"SAG   X3  "
"46"	3845	0	0	0	0	0	0	0	0	0	0	0	0	0	0	"SAG   X4  "
"47"	1708	0	0	0	0	0	0	0	0	0	0	0	0	0	0	"SAG   X5  "
"48"	1686	0	0	0	0	0	0	0	0	0	0	0	0	0	0	"SAG   X6  "
"49"	3833	0	0	0	0	0	0	0	0	0	0	0	0	0	0	"SAG   X7  "
