"GeneName"	"geneLength"	"HMAJ_testis"	"HMAJ_liver"	"HMAJ_heart"	"ALA_vno"	"ALA_tailA2"	"ATEN_tailA2"	"ATEN_tailB5"	"ATEN_body"	"ALA_eye"	"BRH_vno"	"ALAjuv_body"	"ALAjuv_tailA2"	"ALAjuv_tailB5"	"NSC_vno"
"1"	"XM_015813351.1"	414	7.60811	0	0	0	0.318976	0.31116	0	0	0	0	4.28092	7.322	28.996	0
"2"	"XM_015815763.1"	1500	81.0138	12.5169	29.017	42.3137	9.15312	25.2073	9.44969	28.3517	24.0375	77.1379	24.2708	23.0907	18.5353	39.7343
"3"	"XM_015816766.1"	2358	20.1513	263.703	18.0964	121.774	9.28084	61.8406	41.458	16.3577	22.0043	338.328	165.62	644.66	2395.34	377.593
"4"	"XM_015816767.1"	1526	94.5166	353.128	32.7052	182.961	4.72556	50.5091	0	1.80722	0.323102	303.365	5.6518	37.2972	78.4776	553.274
"5"	"XM_015818717.1"	1620	15.4701	3.80893	0.360763	24.2868	8.95203	1.20344	7.8648	13.1141	17.8518	18.0376	23.2598	23.3757	28.2299	28.8805
"6"	"XM_015820464.1"	1916	11.2744	0.204318	0	24.4498	0.0918612	0.136481	0.691273	0.55373	0	358.371	0	0	0.0784129	84.342
"7"	"XM_015820485.1"	1630	25.4136	0.305083	0.286641	9.84982	0.219531	0.651966	0	1.02046	0.450813	174.128	0.563528	3.29641	0.841212	54.4717
"8"	"XM_015821907.1"	1695	0	0	0.0686163	0.074252	36.5249	0.0520334	50.5602	177.086	154.295	0.166729	6.30119	19.5693	186.897	2.77937
"9"	"XM_015821912.1"	1455	0	0	0	0	0	0	0	0	0	0	0	0	0	0
"10"	"XM_015821914.1"	1996	5.47868	2.39384	70.5829	357.625	4.87583	84.4174	0.496322	4.43116	3.37763	573.446	1.05681	4.02406	12.4554	1474.47
"11"	"XM_015821915.1"	2049	0.000641096	0	0.00123126	0.00265511	0.111874	0	0.0885495	0.442887	0.488682	0	0.0166202	0.179022	0.505161	0
"12"	"XM_015821916.1"	1446	0	0.0697459	0	0	0	0	26.124	0	0	0	0	0	0	0.183915
"13"	"XM_015821917.1"	2040	0.227028	0	0.222733	0.784524	36.6079	0	20.2652	179.08	103.018	0	2.49066	31.7681	174.825	0
"14"	"XM_015821918.1"	2942	14.9179	9.35024	26.1248	645.995	11626.5	5.74606	6462.18	9105.64	10339.3	214.799	5238.18	7754.56	7873.53	226.292
"15"	"XM_015826064.1"	642	276.279	115.817	159.681	125.604	48.541	68.806	13.7138	56.9433	31.6829	0	38.034	25.7113	39.4078	0
"16"	"XM_015828003.1"	1239	0.397053	0.0831247	0.0977426	2.11849	42.4977	0.813718	4191.56	397.683	215.577	2.11768	15100.6	16166.4	22191	5.68486
"17"	"XM_015828005.1"	2506	4.24087	1.41466	2.42178	287.498	47.563	4.56461	79.8491	64.4658	58.7602	5235.81	38.291	51.7352	101.998	9086.92
"18"	"XM_015830055.1"	555	0	0	0	0	0.468283	0	0	0	0	0.614054	2.09931	11.1807	8.70863	0
"19"	"XM_015830140.1"	555	10.8762	0	0	9.10339	67.4328	1.20627	566.407	273.548	96.6366	0.614054	4957.51	11135	14863.4	3.48756
"20"	"XM_015830662.1"	395	49.8763	37.0003	0	0	0	0	0	0	0	472.558	0	0	0	357.196
"21"	"XM_015830734.1"	345	0	0	0	0	0	0	0	0	0	0	0	0	0	0
"22"	"XM_015832201.1"	1410	0	0	0.252961	2.73953	1.35582	0	2.40715	128.373	0.705251	2.4463	0	0.841304	2.30295	11.3484
"23"	"XM_015832203.1"	1599	0.0743897	0.0623309	0.073209	10.3805	119.536	0.887983	3545.19	499.396	266.262	29.1307	15422.7	20245	23165.8	1.81049
"24"	"XM_015832204.1"	1083	0.116083	0	0	0	0	0	0	0	0	0	0	0	0.295417	0
"25"	"XM_015832280.1"	1745	4.11916	2.32018	5.98007	30.2677	3261.25	7.15602	12858.4	14080.8	11581.3	408.439	18723.6	16947.4	12384.6	89.9038
"26"	"XM_015832281.1"	1683	22.3492	15.1945	38.7288	64.838	14154.1	10.3837	19633.5	28296.8	27584.3	17.6418	22540.2	23224	18491.4	112.819
"27"	"XM_015832282.1"	1772	0.73034	1.16848	0.326645	112.881	35.8289	1.68476	155.77	97.4739	64.0686	100.43	331.501	628.666	1209.86	95.328
"28"	"XM_015832284.1"	1796	26.1023	15.0223	48.469	787.975	21426.7	8.4957	19563.1	22095.5	23671.9	243.856	12017.5	19250.7	17909.1	166.722
"29"	"XM_015832285.1"	2608	0	0	0	0	0	0	0	0	0	138.749	0	0	0	0
"30"	"XM_015832286.1"	1598	0.669974	0.498994	4.98169	261.869	0.561064	3.49886	3.36085	4.53974	0	4361.25	2.87912	1.17184	3.05664	7761.46
"31"	"XM_015832287.1"	1628	8.96889	0.549897	1.21989	282.585	66.334	9.956	934.645	126.827	48.1514	425.19	64.8923	86.54	84.9831	308.066
"32"	"XM_015832314.1"	856	27.5721	0.128855	0	0.66008	3.94875	5.49594	10.5601	12.902	7.81982	0	9.32282	8.08538	5.05814	0
"33"	"XM_015832315.1"	1800	0	0	0	0.277876	0.885323	0	3.32578	4.03988	8.90189	84.9968	0	0	0	44.5446
"34"	"XM_015832316.1"	1077	0.116844	0	0	5.7428	0	0	0	0	0	0	0	0.456843	1.18924	3.07884
"35"	"XM_015832317.1"	1627	0	0	0	0	0	0.108883	0.824023	0	0.752872	4.18328	0	0	0	0
"36"	"XM_015832319.1"	1653	0	0.0600766	0	0	0	0.0534948	0	0	0	0	0	0	0.184094	0
"37"	"XM_015832320.1"	936	0.552449	0	0.544532	139.079	10.9334	2.67131	169.115	17.0047	6.47105	8.09398	6.29709	6.99804	8.39936	16.6189
