"GeneName"	"HMAJ_testis"	"HMAJ_liver"	"HMAJ_heart"	"ALA_vno"	"ALA_tailA2"	"ALA_eye"	"ATEN_tailA2"	"ATEN_tailB5"	"ATEN_body"	"BRH_vno"	"ALAjuv_tailA2"	"ALAjuv_tailB5"	"ALAjuv_body"	"NSC_vno"
"1"	"XM_015812260.1"	0.111365	0	0	0	0	0	2651.29	0	0	0	0	0	0	0
"2"	"XM_015812351.1"	4.66357	0.097595	0	0.249137	0	0	23.4413	0	0	0	0	0.593352	0	0
"3"	"XM_015813972.1"	0.224132	0	0	0	0	0	0.0834679	0	0	0	0	0	0	0
"4"	"XM_015815691.1"	0.0718395	0	0	0.153019	0	0	7.82595	1.21743	0.414608	0	0.707085	1.19899	0	0.63608
"5"	"XM_015815996.1"	0	0	0	0	0	0	73.442	0	0	0	0	0	0	0
"6"	"XM_015816690.1"	2.13815	0	0.100263	0.108669	0	0	2.04845	0	0.0835182	0	0	0	0	2.69005
"7"	"XM_015818128.1"	0	0	0	0	0	0	0.210811	0	0	0	0.184935	0	0	0
"8"	"XM_015819255.1"	26.5806	7.12508	24.6103	20.579	18.8935	127.608	94.3355	254.19	54.4125	50.9109	65.9582	94.1764	86.2448	128.064
"9"	"XM_015822844.1"	9.88832	1.88832	4.00235	7.52676	7.35822	11.3888	7.19425	15.2535	13.2819	7.94776	9.12971	8.13034	9.71479	14.4314
"10"	"XM_015823472.1"	0	0	0	0.127371	0	0	333.685	0	0	0	0	0	0	0
"11"	"XM_015824025.1"	8.80988	0.248683	0.779763	0.105628	1.11918	2.43845	1.25408	0	0.487419	0.938653	0	1.01111	0.506929	0
"12"	"XM_015825841.1"	36.7327	0	0.119829	0	0	0	257.717	0	0	0	0	0	0	0
"13"	"XM_015827944.1"	0	0	0	0	0	0	0.241918	0	0	0	0	0	0	0
"14"	"XM_015829314.1"	0.148471	0.124217	0.14638	0.476991	0.335828	0	85.6956	2.44772	0.241701	0	0	0.750899	0	0
