"HMAJ_testis"	"HMAJ_liver"	"HMAJ_heart"	"ALA_vno"	"ALA_tailA2"	"ATEN_tailA2"	"ATEN_tailB5"	"ATEN_body"	"ALA_eye"	"BRH_vno"	"ALAjuv_body"	"ALAjuv_tailA2"	"ALAjuv_tailB5"	"NSC_vno"	"geneName"
"1"	0	0	0	0	0	0	0	0	0	0	0	0	0	0	"ABCA4   X1  "
"2"	0	0	0	0	0	0	0	0	0	0	0	0	0	0	"ABCA4   X2  "
"3"	0	0	0	0	0	0	0	0	0	0	0	0	0	0	"ABCA4   X3  "
"4"	3.52343e-09	0	0	0	0	0	0	0	1.27413e-08	0	5.31682e-09	0	0	0	"ABCA4   X4  "
"5"	2.28894e-09	0	0	0	0	0	0	0	7.84514e-09	0	3.53296e-09	0	0	0	"ABCA4   X5  "
"6"	0.470574	0	0	0	0	0	0	0	17.159	0	0.266149	0	0	0	"ABCA4   X6  "
"7"	0	0	0	0	0	0	0	0	0	0	0	0	0	0	"LRAT  "
"8"	0	0	0	0	0	0	0	0	0	0	0	0	0	0	"RARA  "
"9"	0	0	0	0	0	0	0	0	0	0	0	0	0	0	"RBP1  "
"10"	0	0	0	0	0	0	0	0	0	0	0	0	0	0	"RBP1   X1  "
"11"	0	0	0	0	0	0	0	0	0	0	0	0	0	0	"RBP3  "
"12"	0	0	0	0	0	0	0	0	0	0	0	0	0	0	"RDH14  "
"13"	0	0	0	0	0	0	0	0	0	0	0	0	0	0	"RDH5  "
"14"	0	0	0	0	0	0	0	0	0	0	0	0	0	0	"RDH8  "
"15"	0	0	0	0	0	0	0	0	0	0	0	0	0	0	"RGR  "
"16"	0	0	0	0	0	0	0	0	0	0	0	0	0	0	"RLBP1  "
"17"	0	0	0	0	0	0	0	0	0.477045	0	0	0	0	0	"RPE65  "
"18"	0	0	0	0	0	0	0	0	0	0	0	0	0	0	"RPE65   X1  "
"19"	0	0	0	0	0	0	0	0	0	0	0	0	0	0	"RPE65   X2  "
"20"	0	0	0	0	0	0	0	0	0	0	0	0	0	3.22056	"RPE65   X3  "
"21"	0	0	0	0	0	0	0	0	0	0	0	0	0	0	"RPE65   X4  "
"22"	0	0	0	0	0	0	0	0	0	0	0	0	0	0	"RPE65   X5  "
