"Length"	"HMAJ_testis"	"HMAJ_liver"	"HMAJ_heart"	"ALA_vno"	"ALA_tailA2"	"ATEN_tailA2"	"ATEN_tailB5"	"ATEN_body"	"ALA_eye"	"BRH_vno"	"ALAjuv_body"	"ALAjuv_tailA2"	"ALAjuv_tailB5"	"NSC_vno"	"geneName"
"1"	1564	0	0	0	0	0	0	0	0	6.38922	0	0	0	0	0	"ARR3  "
"2"	2106	0	0	0	0	0	0	0	0	0	0	0	0	0	0	"ARR3   X1  "
"3"	3850	326.957	56.0955	501.857	2163.52	79.5303	1798.23	1048.33	1072.72	2045.21	867.731	1134.85	551.199	1018.31	2905.74	"CALM1  "
"4"	2611	0	0	0	0	0	0	0	0	0	6.03719	0	0	0	0	"CNGA1  "
"5"	2697	0	0	0	0	0	0	0	0	0	0	0	0	0	0	"CNGA3  "
"6"	8574	0	0	0	0	0	0	0	0	0	0	0	0	0	0	"CNGA3   X1  "
"7"	830	5.34161	0.564324	5.31717	804.053	11.468	0	0	0	563.945	0	22.9308	0	18.1547	121.067	"CRABP1  "
"8"	1449	0	0	0	0	0	8.60739	0	0	0	0	6.08824	0	0	0	"GNAT1  "
"9"	1614	0	0	0	0	0	0	0	0	0	0	0	0	0	0	"GNAT2  "
"10"	2621	0	0	0	0	0	0	0	0	0	0	0	0	0	0	"GNAT2   X1  "
"11"	1825	0	0	0	0	0	0	0	0	0	0	0	0	0	0	"GRK1  "
"12"	7548	0	0	0.161591	0	0.054288	0	0	0	17.7615	0	0.270776	0	0	0	"GRK7  "
"13"	1566	0	0	0	0	0	0	0	0	0	0	5.59247	0	0	0	"GUCA1A  "
"14"	905	0	0	0	0	0	0	0	0	2.94779	0	0	0	0	0	"GUCA1B  "
"15"	3466	0	0	0	0	0	0	0	0	0	0	0	0	0	0	"LOC100858777  "
"16"	1318	0	0	0	0	0	0	0	0	0	0	0	0	0	0	"OPN1LW  "
"17"	2436	0	0	0	0	0	0	0	0	0	0	0	0	0	0	"OPN1MSW  "
"18"	1408	102.626	0	0.95412	0	0	0	0	0	615.561	0	0	0	0	0	"OPN1SW  "
"19"	4467	1.36999	0.0893799	0	0.7065	0.0482295	1.91558	1.70495	0	1.2998	2.40961	1.3893	0	0	5.24986	"OPN3  "
"20"	1985	0	0	0	0	0	0	0	0	0	0	0	0	0	0	"OPN4  "
"21"	6114	0	0	0	0	0	0	0	0	0	0	0	0	0	0	"OPN4   X1  "
"22"	1630	0	0	0	0	0	0	0	0	13.0254	0	0.993248	0	0	0	"OPN4-1  "
"23"	9102	0	0	0	0	0	0	0	0	0	0	0	0	0	0	"OPN4-1   X1  "
"24"	9260	0	0	0	0	0	0	0	0	0	0	0	0	0	0	"OPN4-1   X2  "
"25"	14221	0.561541	0.0299363	0	0.6771	0.22432	0.639787	0.370896	0.246586	0.577235	2.68427	0.345249	1.87006	0.501946	0.470088	"OPN4-1   X3  "
"26"	9020	0	0	0	0	0	0	0	0	0	0	0	0	0	0	"OPN4-1   X4  "
"27"	9050	0	0	0	0	0	0	0	0	0	0	0	0	0	0	"OPN4-1   X5  "
"28"	8992	0	0	0	0	0	0	0	0	0	0	0	0	0	0	"OPN4-1   X6  "
"29"	7313	0	0	0	0	0	0	0	0	0	0	0	0	0	0	"OPN4-1   X7  "
"30"	4381	0	0	0	0	0	0	0	0	0	0	0	0	0	0	"OPN4-1   X8  misc_RNA"
"31"	1186	0	0	0	0	0	0	0	0	0	0	0	0	0	0	"OPN5  "
"32"	5433	0	0	0	0	0	0	0	0	0	0	0	0	0	0	"OPN5   X1  "
"33"	1398	0	0	0	0	0	0	0	0	0	0	0	0	0	0	"OPN5L1  "
"34"	1071	0	0	0	0	0	0	0	0	0	0	0	0	0	0	"OPN5L2  "
"35"	3521	0	0	0	0	0	0	0	0	0	0	0	0	0	0	"PDC  "
"36"	924	0	0	0	0	0	0	0	0	0	0	0	0	0	0	"PDCL2   X1  "
"37"	1239	0	0	0	0	0	0	0	0	0	0	0	0	0	0	"PDCL2   X2  "
"38"	1248	0	0	0	0	0	0	0	0	0	0	0	0	0	0	"PDCL3  "
"39"	4672	0	1.02398	0	0	0	0.837697	0	0	15.1398	0	0	0	0	0	"PDE6B  "
"40"	4329	0.283086	0	0	0	0	0	0	0	0	0	0.956632	0	0	0	"PDE6C  "
"41"	6778	0	0	0	0	0	0	0	0	0	0	0	0	0	0	"PDE6C   X1  "
"42"	9385	0	0	0	0	0	0	0	0	0	0	0	0	0	0	"PDE6C   X2  "
"43"	7472	0	0	0	0	0	0	0	0	0	0	0	0	0	0	"PDE6C   X3  "
"44"	9307	0	0	0	0	0	0	0	0	0	0	0	0	0	0	"PDE6C   X4  "
"45"	1133	308.961	10.9526	545.327	226.691	4.68529	0	12.3181	15.6578	250.797	0	20.012	43.0812	15.8104	110.412	"PDE6D  "
"46"	514	0	0	0	0	0	0	0	0	3.02313	0	0	0	0	0	"PDE6G  "
"47"	551	0	0	0	0	0	0	0	0	0	0	0	0	0	0	"PDE6G   X1  "
"48"	526	0	0	0	0	0	0	0	0	0	0	0	0	0	0	"PDE6H  "
"49"	3428	0	0	0	0	0	0	0	0	0	0	0	0	0	0	"PDE6H   X1  "
"50"	579	0	0	0	0	0	0	0	0	0	0	0	0	0	0	"RCVRN  "
"51"	4349	0	0	0	0	0	0	0	0	0	0	0	0	0	0	"RGS9  "
"52"	4254	0.288282	0	0.874447	0	0	0	0	0	11.7573	0	1.46104	0	0	0	"RGS9BP  "
"53"	1056	0	0	0	0	0	0	0	0	0	0	0	0	0	0	"RHO  "
"54"	1261	0	0	0	0	0	0	0	0	0	0	0	0	0	0	"RRH  "
"55"	2648	0	0	0	0	0	0	0	0	0	0	0	0	0	0	"SAG   X1  "
"56"	4487	0	0	0	0	0	0	0	0	0	0	0	0	0	0	"SAG   X2  "
"57"	6657	0	0	0	0	0	0	0	0	0	0	0	0	0	0	"SAG   X3  "
"58"	2643	0	0	0	0	0	0	0	0	0	0	0	0	0	0	"SAG   X4  "
